1000
460
67
67
1220
67
121
1033
67
58
1033
7
94
67
28
1141
136
67
283
94
67
58
1141
28
1008
67
1072
38
67
67
67
67
67
67
460
58
95
1228
28
58
1006
460
28
58
136
1072
283
1072
94
136
709
67
61
67
58
67
1006
67
67
67
259
67
67
67
259
136
67
58
58
103
136
136
58
34
1006
16
1984
16
136
1072
67
94
1220
1033
95
460
67
1141
1984
46
136
58
436
1141
1219
58
67
1219
67
67
67
67
67
28
28
28
67
28
329
95
1072
581
103
103
460
136
259
1072
1084
211
1219
136
67
67
67
67
136
136
1141
1219
1033
7
283
67
58
61
1072
73
136
58
1219
1141
67
28
67
73
28
67
1033
58
103
1033
1219
259
67
67
67
1141
67
67
67
58
1033
1219
67
67
28
1072
472
67
67
136
67
1072
1141
67
259
283
517
1219
1141
58
37
1219
58
97
136
1006
1219
67
73
37
1073
1033
1421
58
1219
67
67
817
1072
94
67
67
1084
37
67
1033
67
28
58
1219
28
67
1510
67
58
67
58
67
67
67
67
67
58
58
67
94
97
136
1141
28
67
94
28
28
1033
10
472
283
37
1141
67
67
259
67
67
67
1
7
28
67
136
58
1006
136
136
67
67
1
28
67
283
28
67
58
460
1033
67
1072
136
67
1006
28
67
67
1141
28
328
28
58
58
460
136
58
94
67
67
67
1141
58
67
1006
28
67
67
67
283
94
67
67
67
67
94
67
67
1006
67
95
1141
67
136
67
136
67
580
67
67
329
94
67
28
28
67
58
73
67
1141
67
67
94
67
1219
28
67
67
67
67
58
136
58
28
28
67
67
58
58
1504
67
1219
67
67
94
67
1420
67
136
38
67
136
67
67
28
460
67
1072
16
1072
28
1220
329
244
1033
67
283
58
136
1006
67
67
67
67
136
1
67
67
67
1141
1984
28
67
1141
67
67
28
1141
28
67
67
67
58
58
136
67
67
28
283
1510
1006
1033
67
67
97
1072
67
67
28
67
517
1072
1141
67
67
67
94
1141
580
67
610
67
94
28
67
1141
28
1033
94
136
1006
1072
97
67
1219
67
67
136
28
136
1033
28
28
94
67
244
67
94
28
283
1141
67
67
67
67
28
67
518
67
67
28
67
34
1072
58
1033
67
67
1219
1072
2062
67
283
1141
1219
67
67
67
517
67
1141
136
1033
58
67
67
67
67
67
136
67
28
67
46
1
1072
28
67
67
58
1072
1006
67
67
67
259
67
436
1219
1033
1033
28
28
1021
67
67
1219
97
67
121
28
67
67
1033
1219
136
67
28
46
95
67
1219
67
1072
136
67
28
37
136
67
1504
1723
67
1006
28
67
67
67
67
28
28
67
136
67
67
67
67
67
517
460
67
136
67
136
67
67
1033
1033
67
1033
67
1033
7
1033
259
46
67
67
67
67
136
1033
67
67
67
58
1033
1141
517
67
67
58
67
283
1141
1072
67
1033
67
67
67
259
1219
28
67
67
67
67
1072
1219
136
1034
67
1219
1072
136
1219
94
67
103
67
136
1141
16
67
67
58
28
58
136
208
103
67
67
136
28
328
67
67
1141
67
1420
1033
1033
1072
28
67
28
259
1033
1073
67
1141
1006
1219
67
28
94
16
1141
1231
136
67
67
67
259
67
136
67
28
28
28
67
1072
67
67
67
1141
67
10
67
1141
67
67
67
67
1033
1021
67
1084
136
67
1033
67
67
7
67
259
67
58
46
1141
67
58
67
67
73
259
58
580
67
1141
67
1006
97
1219
67
28
1033
67
1072
436
67
67
94
67
67
1141
136
1033
1072
709
67
1072
67
46
1006
1141
67
1141
67
67
67
67
28
136
10
1984
136
95
67
28
1219
67
67
1072
67
103
28
136
67
1034
28
67
67
67
1006
67
67
1033
67
1141
460
95
58
1141
67
121
94
1072
136
1219
28
67
136
652
67
67
67
1033
58
67
136
67
94
1219
67
1072
28
1420
1219
67
94
1072
67
1219
28
28
340
67
67
67
1006
1
94
28
67
67
67
136
328
460
1033
58
28
67
67
67
166
67
67
46
121
67
67
16
283
1219
28
67
67
1219
1072
67
95
136
94
67
136
67
28
67
67
67
259
1073
67
67
67
1033
58
1
67
259
46
1033
28
67
73
259
67
61
67
10
1033
16
67
1141
28
28
1
1141
67
136
67
34
67
67
28
28
16
259
1033
59
1219
652
1141
259
28
1141
67
819
67
817
94
67
97
67
67
16
460
1033
1033
1744
460
7
1219
28
58
652
28
1073
10
67
67
95
73
67
103
28
67
136
136
94
58
67
1219
1669
1072
67
67
67
517
95
58
1
580
460
58
58
67
67
37
541
58
67
436
328
28
136
136
472
67
67
58
67
1072
1
1420
67
328
67
1072
136
67
136
136
1033
67
67
58
67
67
1033
58
67
1219
67
1033
28
67
28
67
